0.485763 -0.873752 0.024332 0.691496 0.87403 0.485869 -0.00174955 0.550145 -0.0102935 0.0221168 0.999702 0.784093
0.483996 -0.874759 0.0233359 1.08795 0.875023 0.484074 -0.00254997 1.31283 -0.00906569 0.0216536 0.999724 0.786142
0.482225 -0.875762 0.0223431 1.4844 0.876012 0.482277 -0.00335446 2.07551 -0.00783787 0.0211904 0.999745 0.788189
0.480565 -0.87665 0.0232866 1.88018 0.876925 0.48061 -0.00401009 2.83517 -0.0076763 0.0223477 0.999721 0.789104
0.478683 -0.87775 0.0204598 2.2771 0.877971 0.478688 -0.00496788 3.60038 -0.0054333 0.0203412 0.999778 0.792224
0.477284 -0.878556 0.0184031 2.67671 0.878745 0.477243 -0.00686302 4.37319 -0.00275319 0.0194472 0.999807 0.795262
0.475569 -0.879562 0.0143053 3.07638 0.879678 0.475521 -0.0068145 5.1581 -0.000808696 0.0158249 0.999874 0.79972
0.474329 -0.880248 0.0132121 3.48344 0.880347 0.474292 -0.00604467 5.95083 -0.000945582 0.0144984 0.999894 0.80399
0.472888 -0.881008 0.0142354 3.89452 0.881119 0.472871 -0.00474069 6.75172 -0.00255493 0.0147849 0.999887 0.80933
0.471519 -0.881732 0.0147828 4.31129 0.881847 0.471523 -0.00340713 7.5567 -0.00396623 0.0146427 0.999885 0.813294
0.470459 -0.882287 0.0154489 4.72737 0.882411 0.47047 -0.00315605 8.368 -0.00448371 0.0151171 0.999876 0.815645
0.468958 -0.883093 0.0150211 5.14703 0.883212 0.468959 -0.0036732 9.18128 -0.0038005 0.0149894 0.99988 0.817814
0.468012 -0.88358 0.0158237 5.56768 0.883718 0.467989 -0.00541075 9.99766 -0.00262447 0.016516 0.99986 0.820286
0.467262 -0.883958 0.016851 5.99345 0.88411 0.467258 -0.00440531 10.8214 -0.00397967 0.0169566 0.999848 0.82238
0.467129 -0.884019 0.0173616 6.41926 0.884154 0.467196 -0.000274735 11.6537 -0.00786838 0.0154786 0.999849 0.827164
0.467689 -0.8837 0.0184801 6.84856 0.883817 0.467821 0.00335548 12.4882 -0.0116106 0.0147637 0.999824 0.832543
0.468863 -0.88303 0.0206372 7.28295 0.883155 0.469052 0.00525927 13.3253 -0.014324 0.01576 0.999773 0.8331
0.470097 -0.882356 0.021373 7.71893 0.882479 0.470312 0.00615442 14.1652 -0.0154824 0.015968 0.999753 0.829526
0.47122 -0.881788 0.02003 8.15642 0.881917 0.471386 0.00429228 15.0067 -0.0132268 0.0156422 0.99979 0.824726
0.472196 -0.881337 0.0166164 8.59605 0.881456 0.472266 0.000316469 15.8527 -0.0081263 0.0144972 0.999862 0.821301
0.473348 -0.880743 0.0152862 9.04069 0.880864 0.47336 -0.00306271 16.7027 -0.00453841 0.0149148 0.999878 0.81936
0.474016 -0.880337 0.0177972 9.49214 0.880499 0.474035 -0.00340213 17.5601 -0.00544148 0.0172831 0.999836 0.820265
0.47371 -0.880411 0.0217918 9.94714 0.880621 0.473821 -0.000107113 18.4244 -0.0102311 0.0192411 0.999763 0.82027
0.472828 -0.880752 0.026643 10.404 0.881038 0.47304 0.00194493 19.2919 -0.0143162 0.0225539 0.999643 0.819641
0.471953 -0.880993 0.0333507 10.8672 0.881509 0.472164 -0.00172676 20.1548 -0.0142257 0.0302139 0.999442 0.814373
0.470705 -0.881635 0.0340171 11.3248 0.882231 0.470771 -0.00652686 21.0219 -0.01026 0.0330832 0.9994 0.806957
0.469498 -0.882378 0.0313101 11.7781 0.882914 0.469427 -0.0100568 21.8963 -0.0058239 0.0323657 0.999459 0.803738
0.467851 -0.883298 0.0300035 12.2408 0.883797 0.467738 -0.0111058 22.7942 -0.004224 0.0317128 0.999488 0.813323
0.466834 -0.883798 0.0311064 12.7239 0.884322 0.466785 -0.0092602 23.7358 -0.00633585 0.0318311 0.999473 0.846657
0.465799 -0.884386 0.0298722 13.1975 0.884841 0.465866 -0.00510241 24.6686 -0.0094039 0.0288088 0.999541 0.872269
0.464629 -0.884993 0.030127 13.6721 0.885444 0.464729 -0.00401181 25.5999 -0.0104505 0.0285398 0.999538 0.896058
0.463646 -0.885495 0.0305236 14.1428 0.885931 0.463814 -0.00173826 26.5222 -0.0126181 0.0278478 0.999533 0.910686
0.463423 -0.885526 0.0329029 14.6142 0.885985 0.463712 0.00131853 27.4476 -0.0164251 0.0285404 0.999458 0.924974
0.462932 -0.885929 0.0286987 15.0703 0.886209 0.463255 0.00543462 28.3652 -0.0181095 0.0229172 0.999573 0.929017
0.462953 -0.885937 0.0281228 15.5295 0.886189 0.463282 0.00620278 29.2811 -0.0185241 0.0220505 0.999585 0.932642
0.46288 -0.885992 0.0275842 15.9868 0.886261 0.463164 0.00460866 30.1849 -0.0168593 0.0223135 0.999609 0.930754
0.463145 -0.885952 0.0242028 16.4369 0.88617 0.463349 0.00327668 31.0866 -0.0141173 0.0199302 0.999702 0.933508
0.462366 -0.886363 0.0240424 16.8903 0.886582 0.462561 0.00300533 31.9809 -0.0137849 0.019926 0.999706 0.940302
0.461154 -0.886922 0.0265771 17.346 0.887189 0.461394 0.00338187 32.8733 -0.0152619 0.0220193 0.999641 0.944646
0.460352 -0.88733 0.0268639 17.7944 0.887589 0.460617 0.00431695 33.7643 -0.0162045 0.0218567 0.99963 0.951328
0.460141 -0.887535 0.0235066 18.2339 0.887731 0.460346 0.00388124 34.6497 -0.0142659 0.0190816 0.999716 0.956342
0.459651 -0.887864 0.0204658 18.6707 0.888053 0.45974 -0.000399462 35.5279 -0.00905427 0.0183583 0.99979 0.958909
0.459248 -0.888094 0.019517 19.1118 0.888273 0.459314 -0.00121411 36.4066 -0.0078862 0.017894 0.999809 0.960891
0.458886 -0.888239 0.0213241 19.5555 0.888427 0.459015 0.00132014 37.2851 -0.0109607 0.0183392 0.999772 0.970132
0.458531 -0.88832 0.0252141 19.9974 0.888568 0.458737 0.00272737 38.1578 -0.0139894 0.0211538 0.999678 0.974134
0.458249 -0.888417 0.0268981 20.4357 0.888697 0.458485 0.00300995 39.0266 -0.0150065 0.022525 0.999634 0.976646
0.458141 -0.888401 0.0291571 20.8721 0.888766 0.45836 0.000960606 39.8869 -0.0142179 0.0254737 0.999574 0.976083
0.457725 -0.888543 0.0313008 21.3129 0.889006 0.45789 -0.00209638 40.7462 -0.0124696 0.0287862 0.999508 0.974702
0.456669 -0.889023 0.0330363 21.747 0.88954 0.456852 -0.00220577 41.6027 -0.0131317 0.0303944 0.999452 0.973692
0.455556 -0.889412 0.0376093 22.1842 0.890038 0.455886 0.000222034 42.4628 -0.017343 0.0333726 0.999292 0.970376
0.454854 -0.889582 0.0418448 22.615 0.890275 0.455403 0.0041447 43.3246 -0.0227433 0.0353682 0.999116 0.962433
0.454281 -0.889879 0.0417669 23.0363 0.890507 0.45492 0.00677398 44.1811 -0.0250286 0.0341165 0.999104 0.954097
0.453043 -0.890625 0.0392323 23.4562 0.891203 0.453573 0.00535717 45.0257 -0.022566 0.0325369 0.999216 0.947649
0.45201 -0.891361 0.0341054 23.8721 0.891895 0.452241 -0.00105802 45.8542 -0.0144808 0.0308967 0.999418 0.941035
0.451231 -0.891887 0.0304644 24.2851 0.892368 0.45127 -0.00598573 46.6739 -0.00840908 0.0298864 0.999518 0.939347
0.450045 -0.892618 0.0263001 24.6856 0.892959 0.450128 -0.00301713 47.4951 -0.00914528 0.0248428 0.99965 0.941859
0.449159 -0.893112 0.0246607 25.0842 0.893373 0.449315 0.000907575 48.304 -0.011891 0.0216235 0.999695 0.949753
0.447878 -0.893798 0.0230344 25.4748 0.893989 0.448072 0.00382902 49.1003 -0.0137435 0.0188776 0.999727 0.957744
0.446794 -0.894354 0.0225002 25.8602 0.894544 0.446968 0.00311507 49.8817 -0.0128428 0.0187356 0.999742 0.960321
0.445318 -0.895111 0.0216298 26.2369 0.89527 0.445503 0.00440795 50.6534 -0.0135817 0.0174016 0.999756 0.962978
0.443951 -0.895809 0.020807 26.6073 0.895938 0.444144 0.00553715 51.4133 -0.0142016 0.0161836 0.999768 0.967729
0.442482 -0.896523 0.0213889 26.973 0.89665 0.442695 0.00631708 52.1613 -0.0151322 0.0163832 0.999751 0.971305
0.441153 -0.897158 0.0221658 27.3334 0.897293 0.441385 0.00668022 52.8986 -0.0157769 0.0169423 0.999732 0.972561
0.439833 -0.897828 0.0212625 27.6835 0.897899 0.440096 0.009632 53.6253 -0.0180054 0.0148552 0.999728 0.974184
0.438648 -0.898394 0.0218323 28.0285 0.898378 0.438989 0.0143436 54.3451 -0.0224703 0.0133219 0.999659 0.974159
0.436914 -0.899266 0.020642 28.3694 0.89917 0.437262 0.0171682 55.0467 -0.0244647 0.0110597 0.99964 0.977635
0.435588 -0.899999 0.0162684 28.6927 0.899898 0.435821 0.015592 55.7301 -0.0211229 0.00784821 0.999746 0.981591
0.434618 -0.900536 0.0119226 29.0085 0.90051 0.434731 0.00955262 56.3933 -0.0137856 0.00658466 0.999883 0.985844
0.43336 -0.901165 0.0100176 29.3158 0.901184 0.433416 0.00419068 57.0393 -0.0081183 0.00721165 0.999941 0.987061
0.432949 -0.901381 0.00827237 29.6139 0.901401 0.43298 0.00234436 57.672 -0.00569494 0.00644174 0.999963 0.992551
0.432221 -0.901735 0.00770757 29.9015 0.901725 0.432268 0.00607215 58.2888 -0.00880721 0.00432559 0.999952 1.00438
0.431014 -0.902307 0.00832684 30.1828 0.902265 0.43108 0.0093422 58.8851 -0.0120191 0.0034864 0.999922 1.0218
0.429868 -0.902842 0.00952912 30.458 0.902843 0.42993 0.00580331 59.4575 -0.00933633 0.00610865 0.999938 1.0337
0.42986 -0.902785 0.0141517 30.7308 0.902884 0.429881 -0.00172662 60.0089 -0.00452479 0.0135196 0.999898 1.04306
0.430764 -0.902334 0.0153412 30.9916 0.902464 0.430681 -0.00849074 60.5451 0.00105433 0.0175024 0.999846 1.05528
0.433308 -0.901141 0.0137773 31.2416 0.901244 0.433224 -0.00870676 61.0736 0.00187737 0.0161894 0.999867 1.06759
0.436694 -0.899553 0.0101459 31.484 0.899609 0.436682 -0.00348129 61.593 -0.00129892 0.0106476 0.999942 1.08178
0.440705 -0.897562 0.0127338 31.7305 0.89764 0.440727 -0.00119749 62.0928 -0.0045373 0.0119581 0.999918 1.09251
0.445267 -0.895205 0.0185749 31.9831 0.895356 0.44535 0.000340282 62.5756 -0.00857696 0.0164797 0.999827 1.10443
0.452154 -0.891609 0.0243031 32.2312 0.891845 0.452335 0.00226452 63.0458 -0.0130122 0.0206507 0.999702 1.11692
0.461278 -0.88698 0.0221267 32.4681 0.88716 0.461451 0.00315721 63.5016 -0.0130108 0.0181736 0.99975 1.12484
