0.485763 -0.873752 0.024332 0.691496 0.87403 0.485869 -0.00174955 0.550145 -0.0102935 0.0221168 0.999702 0.784093
0.484682 -0.87434 0.0247694 1.09479 0.874632 0.484783 -0.00216887 1.25602 -0.0101115 0.0227153 0.999691 0.790731
0.482893 -0.87531 0.0254209 1.51714 0.875616 0.483004 -0.00200214 2.03213 -0.0105259 0.0232258 0.999675 0.781598
0.48204 -0.875705 0.0279042 1.93659 0.87609 0.482133 -0.00374028 2.79482 -0.0101781 0.0262495 0.999604 0.778559
0.480324 -0.876731 0.0251369 2.33955 0.877051 0.48038 -0.00415974 3.55286 -0.00842827 0.0240443 0.999675 0.77935
0.479201 -0.877407 0.0228734 2.75849 0.877686 0.4792 -0.00589791 4.32226 -0.00578606 0.022902 0.999721 0.778457
0.477572 -0.878398 0.0185112 3.18028 0.878579 0.477575 -0.00450472 5.11385 -0.00488356 0.0184149 0.999819 0.776629
0.476417 -0.879059 0.0167756 3.58878 0.879206 0.476427 -0.00364355 5.89148 -0.00478947 0.0164851 0.999853 0.774203
0.47525 -0.87968 0.0173701 4.02117 0.87983 0.475282 -0.00249213 6.68835 -0.00606342 0.0164671 0.999846 0.776282
0.474148 -0.88025 0.0185426 4.4459 0.880415 0.474202 -0.00165944 7.5004 -0.00733221 0.017112 0.999827 0.777194
0.473161 -0.880766 0.0192112 4.87426 0.880941 0.473224 -0.00142723 8.2923 -0.00783416 0.0175993 0.999814 0.781942
0.471537 -0.881633 0.0193748 5.2983 0.881819 0.471582 -0.00245409 9.09978 -0.00697319 0.0182422 0.999809 0.778386
0.470738 -0.882054 0.0196477 5.73338 0.882247 0.470778 -0.00283176 9.92671 -0.00675194 0.0186671 0.999803 0.777139
0.470138 -0.882372 0.0197498 6.16871 0.882554 0.470209 -0.0011486 10.7404 -0.00827305 0.0179703 0.999804 0.777713
0.470128 -0.882384 0.0194572 6.59361 0.882524 0.470259 0.00258698 11.5647 -0.0114326 0.0159553 0.999807 0.775994
0.47073 -0.882034 0.020727 7.03402 0.882145 0.470937 0.00628872 12.4003 -0.015308 0.0153239 0.999765 0.772061
0.472237 -0.881156 0.0235945 7.48505 0.881288 0.472516 0.00778799 13.2378 -0.0180112 0.0171158 0.999691 0.764936
0.473523 -0.880395 0.0260809 7.92076 0.880571 0.473849 0.00780157 14.0649 -0.0192269 0.0192719 0.999629 0.758537
0.475013 -0.87957 0.0268057 8.36963 0.879813 0.475294 0.00491336 14.8999 -0.0170622 0.0212501 0.999629 0.749269
0.476581 -0.878754 0.0257341 8.76938 0.87906 0.476709 -0.00127401 15.749 -0.0111482 0.023229 0.999668 0.703609
0.478022 -0.878085 0.0214875 9.2315 0.878312 0.478081 -0.00264121 16.563 -0.00795354 0.0201352 0.999766 0.717282
0.478556 -0.877794 0.0214863 9.6972 0.878013 0.478634 -0.00167636 17.4415 -0.00881256 0.0196674 0.999768 0.705868
0.478143 -0.877976 0.0231765 10.1785 0.878196 0.478299 0.00136499 18.3471 -0.0122837 0.0197009 0.99973 0.695538
0.477434 -0.878179 0.0293069 10.6504 0.878519 0.477701 0.00247053 19.1988 -0.0161695 0.0245671 0.999567 0.689409
0.476097 -0.878546 0.0385734 11.1275 0.879236 0.476383 -0.00199536 20.0499 -0.0166227 0.0348651 0.999254 0.681006
0.475412 -0.878887 0.0392632 11.6032 0.879669 0.475542 -0.00655902 20.9068 -0.0129066 0.0376568 0.999207 0.68232
0.473772 -0.879932 0.0354959 12.0686 0.880601 0.473777 -0.00880155 21.7886 -0.00907239 0.0354277 0.999331 0.704259
0.472308 -0.880859 0.0318171 12.521 0.881408 0.472263 -0.00938025 22.6659 -0.00676338 0.0324742 0.99945 0.691464
0.470977 -0.88163 0.0301677 12.9934 0.882105 0.471007 -0.00654195 23.5278 -0.0084416 0.0296922 0.999523 0.688334
0.470141 -0.882075 0.0301651 13.4473 0.882516 0.470272 -0.00304637 24.4033 -0.0114987 0.0280534 0.99954 0.657501
0.468757 -0.882824 0.0298155 13.9174 0.883233 0.468933 -0.00119284 25.3136 -0.0129284 0.0268931 0.999555 0.672999
0.467822 -0.883251 0.0317698 14.4017 0.883687 0.468079 0.000721956 26.2403 -0.0155084 0.0277368 0.999495 0.669322
0.468064 -0.883183 0.0300707 14.8585 0.883494 0.468412 0.00538356 27.0966 -0.0188401 0.0240474 0.999533 0.664671
0.467244 -0.883512 0.0330113 15.3015 0.88386 0.467696 0.00718425 27.9668 -0.0217866 0.0258206 0.999429 0.627463
0.467193 -0.883497 0.0341136 15.7541 0.883899 0.467639 0.00604003 28.8453 -0.0212892 0.0273311 0.9994 0.605087
0.467206 -0.883444 0.035279 16.2211 0.883926 0.467612 0.00377768 29.7439 -0.0198343 0.0294191 0.99937 0.601276
0.467727 -0.883262 0.0328421 16.6867 0.883694 0.468058 0.00274858 30.6348 -0.0177997 0.0277368 0.999457 0.597375
0.467533 -0.883486 0.0294075 17.1576 0.883815 0.467823 0.00347073 31.5259 -0.0168238 0.0243681 0.999561 0.588194
0.466279 -0.884142 0.0296208 17.5929 0.88447 0.466581 0.00387417 32.3726 -0.0172458 0.0243922 0.999554 0.597703
0.464918 -0.884832 0.030395 18.061 0.885164 0.465255 0.00474914 33.2912 -0.0183436 0.0246966 0.999527 0.576499
0.465099 -0.884625 0.0334915 18.5113 0.885092 0.465412 0.00178109 34.1439 -0.0171629 0.0288146 0.999437 0.579756
0.46464 -0.884941 0.0314489 18.9568 0.885409 0.464808 -0.00218883 34.9993 -0.0126807 0.0288622 0.999503 0.566149
0.464446 -0.885205 0.0265134 19.3974 0.885536 0.464567 -0.00174154 35.852 -0.0107756 0.0242874 0.999647 0.571976
0.464194 -0.885387 0.0247555 19.8487 0.885648 0.464356 0.000914265 36.7289 -0.0123049 0.0215003 0.999693 0.57931
0.463995 -0.88539 0.0281613 20.3283 0.885692 0.46426 0.00334312 37.607 -0.0160341 0.0233911 0.999598 0.581111
0.463918 -0.885364 0.0301624 20.7737 0.885696 0.464244 0.00446464 38.4913 -0.0179556 0.0246435 0.999535 0.584933
0.463721 -0.885419 0.0315756 21.1855 0.885816 0.464028 0.00279493 39.3043 -0.0171266 0.0266741 0.999497 0.578263
0.463504 -0.885546 0.0311776 21.6355 0.885959 0.463763 0.00121073 40.151 -0.0155312 0.0270609 0.999513 0.580117
0.46244 -0.886168 0.0292453 22.1105 0.886507 0.462708 0.00275141 41.0472 -0.0159703 0.0246538 0.999568 0.579629
0.461717 -0.88643 0.0325457 22.5569 0.886803 0.462114 0.00553255 41.9304 -0.019944 0.0263071 0.999455 0.577261
0.461254 -0.886495 0.0370291 22.9859 0.88693 0.461829 0.00833684 42.7099 -0.0244916 0.0289968 0.999279 0.560122
0.459772 -0.887251 0.0373562 23.446 0.887615 0.460444 0.0114591 43.6007 -0.0273675 0.0278893 0.999236 0.549464
0.45924 -0.887348 0.0413678 23.8834 0.887946 0.459889 0.00729064 44.4436 -0.0254939 0.0333842 0.999117 0.503876
0.458014 -0.88821 0.0361353 24.2922 0.888756 0.458377 0.00200847 45.2497 -0.0183476 0.0311956 0.999345 0.525148
0.457506 -0.888603 0.03275 24.6688 0.88912 0.457664 -0.00292237 46.0133 -0.0123917 0.0304557 0.999459 0.536576
0.456215 -0.889443 0.0275603 25.0774 0.8898 0.456348 -0.00162047 46.8536 -0.0111358 0.0252624 0.999619 0.545285
0.45589 -0.889697 0.0245707 25.5073 0.889948 0.45606 0.00148797 47.7062 -0.0125296 0.0211883 0.999697 0.545856
0.454602 -0.890426 0.0218635 25.9207 0.890582 0.454798 0.00474663 48.5126 -0.01417 0.0173134 0.99975 0.558597
0.453935 -0.890707 0.0241694 26.2838 0.890927 0.454136 0.00328006 49.233 -0.0138978 0.0200442 0.999703 0.554911
0.45267 -0.891428 0.0211039 26.6709 0.891551 0.452878 0.0061559 50.0299 -0.015045 0.0160286 0.999758 0.543131
0.450942 -0.892293 0.0215317 27.0488 0.892417 0.451163 0.00656582 50.8154 -0.015573 0.0162545 0.999747 0.55421
0.450056 -0.892722 0.0222919 27.387 0.892862 0.450285 0.00634166 51.5018 -0.015699 0.0170495 0.999731 0.558948
0.448778 -0.893355 0.0226797 27.7723 0.893481 0.449035 0.00764705 52.2505 -0.0170155 0.016832 0.999714 0.530474
0.447816 -0.89383 0.0229981 28.1214 0.893902 0.448131 0.0108199 52.9836 -0.0199773 0.0157128 0.999677 0.519892
0.446958 -0.894287 0.0218817 28.4887 0.894267 0.447301 0.0144451 53.7482 -0.0227057 0.0131117 0.999656 0.516768
0.445108 -0.895087 0.0264396 28.816 0.895143 0.445554 0.0141685 54.3997 -0.0244623 0.0173607 0.99955 0.516285
0.443986 -0.895651 0.02617 29.128 0.895748 0.444393 0.0122468 55.062 -0.0225986 0.0180044 0.999582 0.50103
0.442979 -0.896289 0.0208824 29.4611 0.89639 0.443204 0.00749123 55.7298 -0.0159695 0.0154003 0.999754 0.516811
0.44179 -0.896932 0.0182749 29.7405 0.897071 0.441884 0.0012576 56.3516 -0.00920335 0.0158383 0.999832 0.523302
0.441537 -0.897155 0.0125962 30.0851 0.89721 0.441598 0.00240888 57.0119 -0.00772361 0.0102378 0.999918 0.517832
0.44063 -0.897641 0.00928594 30.355 0.897635 0.440693 0.00641544 57.6244 -0.00985101 0.00550856 0.999936 0.545718
0.439882 -0.897959 0.0131769 30.6501 0.897965 0.439999 0.00778233 58.2062 -0.012786 0.00840911 0.999883 0.546648
0.439043 -0.898351 0.0144097 30.9233 0.898406 0.439142 0.00452866 58.7458 -0.0103962 0.0109575 0.999886 0.558007
0.439182 -0.898237 0.0169967 31.2284 0.89838 0.439215 -0.00194578 59.329 -0.00571742 0.016124 0.999854 0.545005
0.440083 -0.897828 0.0152482 31.4779 0.897957 0.440032 -0.00671213 59.864 -0.000683347 0.0166461 0.999861 0.554946
0.442876 -0.896483 0.0134199 31.7367 0.896583 0.442819 -0.00707225 60.4048 0.000397541 0.0151642 0.999885 0.555202
0.445999 -0.894989 0.00886086 31.9795 0.89503 0.446003 -0.00163025 60.9228 -0.00249291 0.00865783 0.999959 0.550844
0.450733 -0.892604 0.00987505 32.2292 0.892644 0.450762 0.000789993 61.4234 -0.00515645 0.00845883 0.999951 0.564513
0.455276 -0.890208 0.0159513 32.4737 0.890307 0.455358 0.00177376 61.927 -0.00884259 0.013394 0.999871 0.574131
0.462448 -0.886386 0.021485 32.7455 0.886559 0.462607 0.00284144 62.3932 -0.0124577 0.0177337 0.999765 0.597152
0.472251 -0.88119 0.0219698 32.9696 0.881351 0.472443 0.00420697 62.8739 -0.0140866 0.0173764 0.99975 0.6129
